Legacy	Shock	Treatment	Time	Sample	Nitrobacter	Nitrospira	AOB	Bacteria	Archaea	AOA	NEA	AO_Ratio	NO_Ratio	AO_Sum	NO_Sum
Control	Heat	Control.Heat	25	A.11.1	6.395763089	6.714609139	9.346346024	9.582759523	8.135601581	7.258074	0.214608864	0.008160711	0.479903537	2238080956	7670833.333
Control	Heat	Control.Heat	25	A.11.2	5.983400738	6.20094165	8.592710811	9.55295486	7.913955576	6.976252359	0.091480312	0.024184747	0.605981112	400948981.6	2550833.333
Control	Heat	Control.Heat	25	A.11.3	6.339948062	6.774516966	9.252725658	9.788084034	8.109436142	7.086739086	0.13015797	0.006823598	0.367647059	1801685750	8137500
Control	Cold	Control.Cold	25	B.11.1	5.836324116	5.874578446	9.203819496	9.569968092	8.024922734	6.202084303	0.080623032	0.000996013	0.915684093	1600485868	1435166.667
Control	Cold	Control.Cold	25	B.11.2	6.361727836	6.471047107	9.911779847	9.652923354	8.289279468	6.623602141	0.084867645	0.000515018	0.777464789	8165888755	5258333.333
Control	Cold	Control.Cold	25	B.11.3	5.992111488	6.190331698	9.827504052	9.601316549	8.191117371	6.408687165	0.300544901	0.000381227	0.633548387	6724648439	2532000
Control	Control	Control.Control	25	C.11.1	6.573065095	6.226170123	8.578056238	9.573041842	8.357390753	6.266432981	0.334036879	0.004879516	2.222772277	380338449.3	5425000
Control	Control	Control.Control	25	C.11.2	6.334118518	6.431363764	9.071445088	9.550977269	8.190835732	5.671229731	0.150079147	0.00039791	0.799382716	1179282527	4858333.333
Control	Control	Control.Control	25	C.11.3	6.591064607	6.669006781	9.174966797	9.529752425	8.490906464	6.981441339	0.08984483	0.006404342	0.835714286	1505702941	8566666.667
Legacy	Cold	Legacy.Cold	25	D.11.1	5.949390007	6.162365235		9.561998788	7.651014931	6.419913896	0.009488827		0.612385321		2343333.333
Legacy	Cold	Legacy.Cold	25	D.11.2	5.572871602	5.917330426		9.693019186	8.160082429	6.161155445	0.055157055		0.452419355		1200666.667
Legacy	Cold	Legacy.Cold	25	D.11.3	5.900367129	6.195899652		9.521493061	8.022211074	6.534659412	0.281562324		0.506369427		2365000
Legacy	Control	Legacy.Control	25	E.11.1	5.626682466	6.061452479		9.454348606	7.950593117	5.892359711	0.089473595		0.367476852		1575333.333
Legacy	Control	Legacy.Control	25	E.11.2	6.215725665	6.432434775		9.52841839	7.812022018	6.012035859	0.064403151		0.607142857		4350000
Legacy	Control	Legacy.Control	25	E.11.3	5.946124619	6.414973348		9.454059044	8.211846507	5.321866179	0.205118879		0.33974359		3483333.333
Legacy	Heat	Legacy.Heat	25	F.11.1	6.010017121	6.250420002	6.314500197	9.612575891	7.833117974	5.845612185	0.152992648	0.33971286	0.574906367	2763833.799	2803333.333
Legacy	Heat	Legacy.Heat	25	F.11.2	6.086359831	6.156347201	6.454105938	9.741426782	8.079276455	6.388714831	0.126545692	0.860218728	0.851162791	5292610.692	2653333.333
Legacy	Heat	Legacy.Heat	25	F.11.3	6.105510185	6.113943352	6.207190853	9.724646605	7.715522313	6.179110959	0.177015033	0.937389548	0.980769231	3121819.615	2575000
Control	Heat	Control.Heat	35	A.13.1	6.06069784	6.440909082	8.40064242	9.6315787	7.973823006	6.480250187	0.158654155	0.012011791	0.416666667	254582175.2	3910000
Control	Heat	Control.Heat	35	A.13.2	5.528273777	5.752048448	8.03419554	9.578680149	7.563590132	6.753935322	0.116196374	0.05244931	0.597345133	113866698.4	902500
Control	Heat	Control.Heat	35	A.13.3	5.779957051	6.593286067	7.673512601	9.49500025	7.906322	6.399529023	0.395178496	0.053212838	0.15369898	49662519.09	4522500
Control	Cold	Control.Cold	35	B.13.1	6.395326393	6.693726949	9.895026418	9.665879017	8.193497606	5.990722042		0.000124651	0.503036437	7853812881	7425000
Control	Cold	Control.Cold	35	B.13.2	6.063521	6.139879086	9.560717873	9.577095148	8.106766553	5.90836187	0.151349509	0.000222661	0.838768116	3637596826	2537500
Control	Cold	Control.Cold	35	B.13.3	6.003245055	6.017033339	9.13741758	9.461121613	7.976203241	5.970702725	0.311514807	0.000681216	0.96875	1373135287	2047500
Control	Control	Control.Control	35	C.13.1	6.315270435	6.51675566	8.998023364	9.500188215	8.158246025	7.180150382	0.153633383	0.015209923	0.628803245	1010599824	5353333.333
Control	Control	Control.Control	35	C.13.2	6.367976785	6.405972104	8.808016372	9.47522803	8.216576847	7.073614836	0.329198181	0.018433104	0.916230366	654559121.1	4880000
Control	Control	Control.Control	35	C.13.3	6.322219295	6.619093331	9.094171098	9.489706095	8.357763952	7.131038666	0.364854257	0.010885981	0.504807692	1255663504	6260000
Legacy	Cold	Legacy.Cold	35	D.13.1	5.301933835	5.352182518	8.18320625	9.050915927	8.088978173	6.371516796	0.261942564	0.015428033	0.890740741	154830101.4	425416.6667
Legacy	Cold	Legacy.Cold	35	D.13.2	6.116718406	6.103233406	8.906661616	9.131918901	7.742720514	6.546832159	0.102586469	0.004366873	1.031537451	810128659	2576666.667
Legacy	Cold	Legacy.Cold	35	D.13.3	6.5261238	6.710399466	9.808682692	9.020974043	8.296088748	6.575270652	0.031837313	0.000584236	0.654220779	6440748601	8491666.667
Legacy	Control	Legacy.Control	35	E.13.1	6.181843588	6.162365235	8.900639528	9.429497274	7.909305984	6.889791025	0.126024107	0.009753298	1.04587156	803257534.9	2973333.333
Legacy	Control	Legacy.Control	35	E.13.2	5.745595216	6.064956892	8.392942061	9.401670432	8.194973955	6.76209471	0.186455999	0.023396595	0.479334099	252921662.9	1718000
Legacy	Control	Legacy.Control	35	E.13.3	6.35089381	6.204119983	8.962676537	9.612297332	8.153575943	6.645666577	0.078511988	0.004819367	1.402083333	922071362.2	3843333.333
Legacy	Heat	Legacy.Heat	35	F.13.1	5.77815125	5.890234666	5.87477851	9.159769631		5.952539008		1.196080741	0.772532189	1645988.565	1376666.667
Legacy	Heat	Legacy.Heat	35	F.13.2	4.905256049	6.160868526	5.629356372	9.13293294		6.07379719	0.186921645	2.782536164	0.055512083	1611162.93	1528733.333
Legacy	Heat	Legacy.Heat	35	F.13.3		6.117271296	4.85634519	9.157132332		5.843688929	0.126102364	9.712784179		769568.966	
Control	Heat	Control.Heat	42	A.14.1	5.774516966	5.964730921	5.59644173	9.43500591	8.011735799	5.126751197	0.082139661	0.339085693	0.645336226	528749.6593	1517000
Control	Heat	Control.Heat	42	A.14.2	5.774516966	6.257678575	7.869399243	9.456751983	7.504073081	6.563166451	0.153020846	0.04940458	0.328729282	77685899.45	2405000
Control	Heat	Control.Heat	42	A.14.3			6.814855246	8.317067586		5.027734784	0.36308294	0.01632599		6635723.455	
Control	Cold	Control.Cold	42	B.14.1	5.434568904	5.574031268	8.5260325	9.678663745	7.857908383	6.430521098	0.201002446	0.008025805	0.725333333	338457506.1	647000
Control	Cold	Control.Cold	42	B.14.2	6.176091259	6.265211028	9.932652298	9.759224551	8.064271936	6.130875241		0.000157842	0.814479638	8564871329	3341666.667
Control	Cold	Control.Cold	42	B.14.3	5.649334859	5.556302501	9.037887878	9.542493123	7.727634395	5.313566142		0.000188659	1.238888889	1091364451	806000
Control	Control	Control.Control	42	C.14.1	6.412180448	6.495081584	8.883599615	9.456956711	8.271081216	6.434079612	0.078263653	0.003552058	0.826226013	767608050	5710000
Control	Control	Control.Control	42	C.14.2	6.469822016	6.786278077	9.254682191	9.455508904	8.17150303	6.77218363	0.244684223	0.003292315	0.482551799	1803473132	9063333.333
Control	Control	Control.Control	42	C.14.3	6.110028244	6.514104821	8.698360279	9.555378601	8.049568712	6.989293707	0.178445326	0.019540399	0.394387755	509055012.1	4555000
Legacy	Cold	Legacy.Cold	42	D.14.1	6.274927193	6.054357662	8.986703895	9.564941886	7.895245121	6.57809039	0.030611206	0.003902892	1.661764706	973633706.7	3016666.667
Legacy	Cold	Legacy.Cold	42	D.14.2	6.102662342	5.822821645	8.252454512	9.032680759	7.941765157	6.471554844	0.03689644	0.016561525	1.904761905	181797614.6	1931666.667
Legacy	Cold	Legacy.Cold	42	D.14.3	6.166331422	6.361727836	8.297648452	9.140843559	7.820644337	6.528978674	0.144893451	0.017034533	0.637681159	201829270.8	3766666.667
Legacy	Control	Legacy.Control	42	E.14.1	6.096910013	5.798880735	8.409312515	9.417024152	8.13884259	6.675022389	0.080980185	0.018437833	1.986228814	261364764.9	1879333.333
Legacy	Control	Legacy.Control	42	E.14.2	6.079181246	6.088254248	8.184119697	9.352387096	8.342836219	6.543316356	0.126037375	0.02286634	0.979325354	156292660.7	2425333.333
Legacy	Control	Legacy.Control	42	E.14.3	5.681241237	5.966298207	8.104279439	9.406882536	8.179904607	6.630417946	0.129221136	0.033584471	0.518731988	131409091.9	1405333.333
Legacy	Heat	Legacy.Heat	42	F.14.1	6.074633618	6.537819095	6.110191545	9.566147515	8.118458898	6.13196017	0.247167359	1.051401579	0.344202899	2643882.989	4637500
Legacy	Heat	Legacy.Heat	42	F.14.2	5.611457766	6.632457292	5.637354033	9.599562962	7.783826019	6.208456122	0.089638606	3.724792544	0.09527972	2049919.359	4698750
Legacy	Heat	Legacy.Heat	42	F.14.3	6.200485698	6.790519728	6.19381527	9.677001336	8.164754009	6.670316717		2.995721573	0.257019438	6243246.586	7760000
Control	Heat	Control.Heat	49	A.15.1			7.161327375	9.3210611		4.965461007	0.297028001	0.006369915		14590998.75	
Control	Heat	Control.Heat	49	A.15.2	6.077367905	6.385606274	8.965945246	9.429373281	7.583899492	6.364348879	0.269760717	0.00250267	0.491769547	926895521.3	3625000
Control	Heat	Control.Heat	49	A.15.3	5.575187845	6.049218023	8.236253707	9.544806912	7.994190586	5.664950212	0.166185602	0.002683469	0.335714286	172749803.4	1496000
Control	Cold	Control.Cold	49	B.15.1	5.994756945	6.030262301	9.132926441	9.536984597	8.243633189	6.075200368	0.198932027	0.000875536	0.921498523	1359272452	2060166.667
Control	Cold	Control.Cold	49	B.15.2	5.88422877	6.203667357	9.676221494	9.89378989	8.221427706	6.015405829	0.184686477	0.000218366	0.479249218	4745875253	2364333.333
Control	Cold	Control.Cold	49	B.15.3	6.098297536	6.46834733	9.947039362	9.405132045	8.249990526	5.916509233	0.106192294	9.32116E-05	0.426530612	8852783459	4194000
Control	Control	Control.Control	49	C.15.1	6.400825697	6.562689299	8.648935576	9.737570581	8.147128218	6.446598629	0.217557038	0.006275713	0.688868613	448386539.3	6170000
Control	Control	Control.Control	49	C.15.2	6.474701781	6.828230115	9.02669287	9.609845085	7.993618754	6.586779167	0.15138036	0.003631502	0.443069307	1067252436	9716666.667
Control	Control	Control.Control	49	C.15.3	6.348953548	6.446122764		9.684349211	8.034534063	5.303347086	0.206400611		0.799522673		5026666.667
Legacy	Cold	Legacy.Cold	49	D.15.1	5.059121452	5.325652471	6.894105964	8.895041136	7.552370761	5.83201962	0.04901533	0.086678953	0.541338583	8515442.486	326250
Legacy	Cold	Legacy.Cold	49	D.15.2	5.837272703	4.247154615	7.674029734	8.982948747	7.554359312	6.170123639	0.100107948	0.031339633	38.91509434	48689065.73	705166.6667
Legacy	Cold	Legacy.Cold	49	D.15.3	5.891630365	5.091666958	8.086156187	9.27597638	7.626881156	6.387233716	0.136626483	0.020002189	6.309041835	124381929.9	902666.6667
Legacy	Control	Legacy.Control	49	E.15.1	4.979244778	5.58130477	7.642126587	9.352647701	7.602351474	6.390449555	0.24444074	0.056017403	0.25	46323105	476666.6667
Legacy	Control	Legacy.Control	49	E.15.2	5.53571597	5.947760382	7.481562004	9.27264191	8.19783896	5.706485496	0.202360162	0.016785083	0.387218045	30817057.63	1230000
Legacy	Control	Legacy.Control	49	E.15.3	5.56427143	6.035029282	7.968011414	9.408127649	8.099002105	5.840386629	0.18530549	0.007453757	0.338253383	93591527.44	1450666.667
Legacy	Heat	Legacy.Heat	49	F.15.1	5.761551989	6.42894429	5.487358603	9.516357629	7.89259372		0.523993332		0.215083799	307156.7167	
Legacy	Heat	Legacy.Heat	49	F.15.2	5.568201724	6.349277527	5.470022141	9.409039849	7.223807941		0.135872852		0.165548098	295136.969	
Legacy	Heat	Legacy.Heat	49	F.15.3	6.101231387	6.343408594	6.740702498	9.43654311	7.749749489	5.975152775	0.356392133	0.171573526	0.572562358	6448698.132	3467500
